pixel	t_cor
0	-1.6750056902530324
1	-1.2352963799384276
2	-0.9361797702739543
3	-1.1172908117106124
4	-0.9949238091667658
5	-1.1770959377655876
6	-1.1184928400351686
7	-1.0873835937664345
8	-1.0569547947672666
9	-1.2549582037818985
10	-0.6551335489268004
11	-1.0361911191576374
12	-0.7471514549782674
13	-1.096810064855321
14	-1.1247357802525662
15	-1.2257672118298422
16	-1.2408156397633425
17	-0.8229787706686003
18	-1.4338344840998352
19	-1.456166552058024
20	-1.1689523633180718
21	-0.7271874721443103
22	-1.1268413243262023
23	-0.8960276986518443
24	-0.9142550542266383
25	-1.1251876776913383
26	-1.2305564179826354
27	-0.8757379327414105
28	-1.000719906226694
29	-0.8829331995322909
30	-0.9279320176896866
31	-1.2139069227975787
32	-1.563408958314364
33	-1.5134054319672308
34	-0.9760185383167956
35	-0.7435428634281627
36	-0.8432512765283937
37	-0.8756934521438942
38	-1.0852309163359826
39	-0.9125867296569175
40	-0.6407106749671405
41	-0.9179876590305389
42	-0.7431101895520007
43	-1.064044203411003
44	-1.2875425415068824
45	-0.9077839900105025
46	-0.8514636881383331
47	-0.6283750214239794
48	-0.027136159463632348
49	-0.02633805818176982
50	-0.26446720154766923
51	-0.46199614618264406
52	0.14243191459763493
53	0.17877469847543082
54	-0.46581847027774104
55	0.008163525817310946
56	0.018206521129906283
57	0.6819675510459662
58	0.1299250748203684
59	0.1967120460755305
60	-0.014811888328351452
61	0.5230256872560568
62	0.5355923725240623
63	0.3433291123497193
64	-1.6750056902530324
65	-1.2352963799384276
66	-0.9361797702739543
67	-1.1172908117106124
68	-0.9949238091667658
69	-1.1770959377655876
70	-1.1184928400351686
71	-1.0873835937664345
72	-1.0569547947672666
73	-1.2549582037818985
74	-0.6551335489268004
75	-1.0361911191576374
76	-0.7471514549782674
77	-1.096810064855321
78	-1.1247357802525662
79	-1.2257672118298422
80	-1.2408156397633425
81	-0.8229787706686003
82	-1.4338344840998352
83	-1.456166552058024
84	-1.1689523633180718
85	-0.7271874721443103
86	-1.1268413243262023
87	-0.8960276986518443
88	-0.9142550542266383
89	-1.1251876776913383
90	-1.2305564179826354
91	-0.8757379327414105
92	-1.000719906226694
93	-0.8829331995322909
94	-0.9279320176896866
95	-1.2139069227975787
96	-1.563408958314364
97	-1.5134054319672308
98	-0.9760185383167956
99	-0.7435428634281627
100	-0.8432512765283937
101	-0.8756934521438942
102	-1.0852309163359826
103	-0.9125867296569175
104	-0.6407106749671405
105	-0.9179876590305389
106	-0.7431101895520007
107	-1.064044203411003
108	-1.2875425415068824
109	-0.9077839900105025
110	-0.8514636881383331
111	-0.6283750214239794
112	-0.027136159463632348
113	-0.02633805818176982
114	-0.26446720154766923
115	-0.46199614618264406
116	0.14243191459763493
117	0.17877469847543082
118	-0.46581847027774104
119	0.008163525817310946
120	0.018206521129906283
121	0.6819675510459662
122	0.1299250748203684
123	0.1967120460755305
124	-0.014811888328351452
125	0.5230256872560568
126	0.5355923725240623
127	0.3433291123497193
128	-1.6750056902530324
129	-1.2352963799384276
130	-0.9361797702739543
131	-1.1172908117106124
132	-0.9949238091667658
133	-1.1770959377655876
134	-1.1184928400351686
135	-1.0873835937664345
136	-1.0569547947672666
137	-1.2549582037818985
138	-0.6551335489268004
139	-1.0361911191576374
140	-0.7471514549782674
141	-1.096810064855321
142	-1.1247357802525662
143	-1.2257672118298422
144	-1.2408156397633425
145	-0.8229787706686003
146	-1.4338344840998352
147	-1.456166552058024
148	-1.1689523633180718
149	-0.7271874721443103
150	-1.1268413243262023
151	-0.8960276986518443
152	-0.9142550542266383
153	-1.1251876776913383
154	-1.2305564179826354
155	-0.8757379327414105
156	-1.000719906226694
157	-0.8829331995322909
158	-0.9279320176896866
159	-1.2139069227975787
160	-1.563408958314364
161	-1.5134054319672308
162	-0.9760185383167956
163	-0.7435428634281627
164	-0.8432512765283937
165	-0.8756934521438942
166	-1.0852309163359826
167	-0.9125867296569175
168	-0.6407106749671405
169	-0.9179876590305389
170	-0.7431101895520007
171	-1.064044203411003
172	-1.2875425415068824
173	-0.9077839900105025
174	-0.8514636881383331
175	-0.6283750214239794
176	-0.027136159463632348
177	-0.02633805818176982
178	-0.26446720154766923
179	-0.46199614618264406
180	0.14243191459763493
181	0.17877469847543082
182	-0.46581847027774104
183	0.008163525817310946
184	0.018206521129906283
185	0.6819675510459662
186	0.1299250748203684
187	0.1967120460755305
188	-0.014811888328351452
189	0.5230256872560568
190	0.5355923725240623
191	0.3433291123497193
192	-1.6750056902530324
193	-1.2352963799384276
194	-0.9361797702739543
195	-1.1172908117106124
196	-0.9949238091667658
197	-1.1770959377655876
198	-1.1184928400351686
199	-1.0873835937664345
200	-1.0569547947672666
201	-1.2549582037818985
202	-0.6551335489268004
203	-1.0361911191576374
204	-0.7471514549782674
205	-1.096810064855321
206	-1.1247357802525662
207	-1.2257672118298422
208	-1.2408156397633425
209	-0.8229787706686003
210	-1.4338344840998352
211	-1.456166552058024
212	-1.1689523633180718
213	-0.7271874721443103
214	-1.1268413243262023
215	-0.8960276986518443
216	-0.9142550542266383
217	-1.1251876776913383
218	-1.2305564179826354
219	-0.8757379327414105
220	-1.000719906226694
221	-0.8829331995322909
222	-0.9279320176896866
223	-1.2139069227975787
224	-1.563408958314364
225	-1.5134054319672308
226	-0.9760185383167956
227	-0.7435428634281627
228	-0.8432512765283937
229	-0.8756934521438942
230	-1.0852309163359826
231	-0.9125867296569175
232	-0.6407106749671405
233	-0.9179876590305389
234	-0.7431101895520007
235	-1.064044203411003
236	-1.2875425415068824
237	-0.9077839900105025
238	-0.8514636881383331
239	-0.6283750214239794
240	-0.027136159463632348
241	-0.02633805818176982
242	-0.26446720154766923
243	-0.46199614618264406
244	0.14243191459763493
245	0.17877469847543082
246	-0.46581847027774104
247	0.008163525817310946
248	0.018206521129906283
249	0.6819675510459662
250	0.1299250748203684
251	0.1967120460755305
252	-0.014811888328351452
253	0.5230256872560568
254	0.5355923725240623
255	0.3433291123497193
256	-1.6750056902530324
257	-1.2352963799384276
258	-0.9361797702739543
259	-1.1172908117106124
260	-0.9949238091667658
261	-1.1770959377655876
262	-1.1184928400351686
263	-1.0873835937664345
264	-1.0569547947672666
265	-1.2549582037818985
266	-0.6551335489268004
267	-1.0361911191576374
268	-0.7471514549782674
269	-1.096810064855321
270	-1.1247357802525662
271	-1.2257672118298422
272	-1.2408156397633425
273	-0.8229787706686003
274	-1.4338344840998352
275	-1.456166552058024
276	-1.1689523633180718
277	-0.7271874721443103
278	-1.1268413243262023
279	-0.8960276986518443
280	-0.9142550542266383
281	-1.1251876776913383
282	-1.2305564179826354
283	-0.8757379327414105
284	-1.000719906226694
285	-0.8829331995322909
286	-0.9279320176896866
287	-1.2139069227975787
288	-1.563408958314364
289	-1.5134054319672308
290	-0.9760185383167956
291	-0.7435428634281627
292	-0.8432512765283937
293	-0.8756934521438942
294	-1.0852309163359826
295	-0.9125867296569175
296	-0.6407106749671405
297	-0.9179876590305389
298	-0.7431101895520007
299	-1.064044203411003
300	-1.2875425415068824
301	-0.9077839900105025
302	-0.8514636881383331
303	-0.6283750214239794
304	-0.027136159463632348
305	-0.02633805818176982
306	-0.26446720154766923
307	-0.46199614618264406
308	0.14243191459763493
309	0.17877469847543082
310	-0.46581847027774104
311	0.008163525817310946
312	0.018206521129906283
313	0.6819675510459662
314	0.1299250748203684
315	0.1967120460755305
316	-0.014811888328351452
317	0.5230256872560568
318	0.5355923725240623
319	0.3433291123497193
320	-1.6750056902530324
321	-1.2352963799384276
322	-0.9361797702739543
323	-1.1172908117106124
324	-0.9949238091667658
325	-1.1770959377655876
326	-1.1184928400351686
327	-1.0873835937664345
328	-1.0569547947672666
329	-1.2549582037818985
330	-0.6551335489268004
331	-1.0361911191576374
332	-0.7471514549782674
333	-1.096810064855321
334	-1.1247357802525662
335	-1.2257672118298422
336	-1.2408156397633425
337	-0.8229787706686003
338	-1.4338344840998352
339	-1.456166552058024
340	-1.1689523633180718
341	-0.7271874721443103
342	-1.1268413243262023
343	-0.8960276986518443
344	-0.9142550542266383
345	-1.1251876776913383
346	-1.2305564179826354
347	-0.8757379327414105
348	-1.000719906226694
349	-0.8829331995322909
350	-0.9279320176896866
351	-1.2139069227975787
352	-1.563408958314364
353	-1.5134054319672308
354	-0.9760185383167956
355	-0.7435428634281627
356	-0.8432512765283937
357	-0.8756934521438942
358	-1.0852309163359826
359	-0.9125867296569175
360	-0.6407106749671405
361	-0.9179876590305389
362	-0.7431101895520007
363	-1.064044203411003
364	-1.2875425415068824
365	-0.9077839900105025
366	-0.8514636881383331
367	-0.6283750214239794
368	-0.027136159463632348
369	-0.02633805818176982
370	-0.26446720154766923
371	-0.46199614618264406
372	0.14243191459763493
373	0.17877469847543082
374	-0.46581847027774104
375	0.008163525817310946
376	0.018206521129906283
377	0.6819675510459662
378	0.1299250748203684
379	0.1967120460755305
380	-0.014811888328351452
381	0.5230256872560568
382	0.5355923725240623
383	0.3433291123497193
384	-1.6750056902530324
385	-1.2352963799384276
386	-0.9361797702739543
387	-1.1172908117106124
388	-0.9949238091667658
389	-1.1770959377655876
390	-1.1184928400351686
391	-1.0873835937664345
392	-1.0569547947672666
393	-1.2549582037818985
394	-0.6551335489268004
395	-1.0361911191576374
396	-0.7471514549782674
397	-1.096810064855321
398	-1.1247357802525662
399	-1.2257672118298422
400	-1.2408156397633425
401	-0.8229787706686003
402	-1.4338344840998352
403	-1.456166552058024
404	-1.1689523633180718
405	-0.7271874721443103
406	-1.1268413243262023
407	-0.8960276986518443
408	-0.9142550542266383
409	-1.1251876776913383
410	-1.2305564179826354
411	-0.8757379327414105
412	-1.000719906226694
413	-0.8829331995322909
414	-0.9279320176896866
415	-1.2139069227975787
416	-1.563408958314364
417	-1.5134054319672308
418	-0.9760185383167956
419	-0.7435428634281627
420	-0.8432512765283937
421	-0.8756934521438942
422	-1.0852309163359826
423	-0.9125867296569175
424	-0.6407106749671405
425	-0.9179876590305389
426	-0.7431101895520007
427	-1.064044203411003
428	-1.2875425415068824
429	-0.9077839900105025
430	-0.8514636881383331
431	-0.6283750214239794
432	-0.027136159463632348
433	-0.02633805818176982
434	-0.26446720154766923
435	-0.46199614618264406
436	0.14243191459763493
437	0.17877469847543082
438	-0.46581847027774104
439	0.008163525817310946
440	0.018206521129906283
441	0.6819675510459662
442	0.1299250748203684
443	0.1967120460755305
444	-0.014811888328351452
445	0.5230256872560568
446	0.5355923725240623
447	0.3433291123497193
448	-1.6750056902530324
449	-1.2352963799384276
450	-0.9361797702739543
451	-1.1172908117106124
452	-0.9949238091667658
453	-1.1770959377655876
454	-1.1184928400351686
455	-1.0873835937664345
456	-1.0569547947672666
457	-1.2549582037818985
458	-0.6551335489268004
459	-1.0361911191576374
460	-0.7471514549782674
461	-1.096810064855321
462	-1.1247357802525662
463	-1.2257672118298422
464	-1.2408156397633425
465	-0.8229787706686003
466	-1.4338344840998352
467	-1.456166552058024
468	-1.1689523633180718
469	-0.7271874721443103
470	-1.1268413243262023
471	-0.8960276986518443
472	-0.9142550542266383
473	-1.1251876776913383
474	-1.2305564179826354
475	-0.8757379327414105
476	-1.000719906226694
477	-0.8829331995322909
478	-0.9279320176896866
479	-1.2139069227975787
480	-1.563408958314364
481	-1.5134054319672308
482	-0.9760185383167956
483	-0.7435428634281627
484	-0.8432512765283937
485	-0.8756934521438942
486	-1.0852309163359826
487	-0.9125867296569175
488	-0.6407106749671405
489	-0.9179876590305389
490	-0.7431101895520007
491	-1.064044203411003
492	-1.2875425415068824
493	-0.9077839900105025
494	-0.8514636881383331
495	-0.6283750214239794
496	-0.027136159463632348
497	-0.02633805818176982
498	-0.26446720154766923
499	-0.46199614618264406
500	0.14243191459763493
501	0.17877469847543082
502	-0.46581847027774104
503	0.008163525817310946
504	0.018206521129906283
505	0.6819675510459662
506	0.1299250748203684
507	0.1967120460755305
508	-0.014811888328351452
509	0.5230256872560568
510	0.5355923725240623
511	0.3433291123497193
512	-1.6750056902530324
513	-1.2352963799384276
514	-0.9361797702739543
515	-1.1172908117106124
516	-0.9949238091667658
517	-1.1770959377655876
518	-1.1184928400351686
519	-1.0873835937664345
520	-1.0569547947672666
521	-1.2549582037818985
522	-0.6551335489268004
523	-1.0361911191576374
524	-0.7471514549782674
525	-1.096810064855321
526	-1.1247357802525662
527	-1.2257672118298422
528	-1.2408156397633425
529	-0.8229787706686003
530	-1.4338344840998352
531	-1.456166552058024
532	-1.1689523633180718
533	-0.7271874721443103
534	-1.1268413243262023
535	-0.8960276986518443
536	-0.9142550542266383
537	-1.1251876776913383
538	-1.2305564179826354
539	-0.8757379327414105
540	-1.000719906226694
541	-0.8829331995322909
542	-0.9279320176896866
543	-1.2139069227975787
544	-1.563408958314364
545	-1.5134054319672308
546	-0.9760185383167956
547	-0.7435428634281627
548	-0.8432512765283937
549	-0.8756934521438942
550	-1.0852309163359826
551	-0.9125867296569175
552	-0.6407106749671405
553	-0.9179876590305389
554	-0.7431101895520007
555	-1.064044203411003
556	-1.2875425415068824
557	-0.9077839900105025
558	-0.8514636881383331
559	-0.6283750214239794
560	-0.027136159463632348
561	-0.02633805818176982
562	-0.26446720154766923
563	-0.46199614618264406
564	0.14243191459763493
565	0.17877469847543082
566	-0.46581847027774104
567	0.008163525817310946
568	0.018206521129906283
569	0.6819675510459662
570	0.1299250748203684
571	0.1967120460755305
572	-0.014811888328351452
573	0.5230256872560568
574	0.5355923725240623
575	0.3433291123497193
576	-1.6750056902530324
577	-1.2352963799384276
578	-0.9361797702739543
579	-1.1172908117106124
580	-0.9949238091667658
581	-1.1770959377655876
582	-1.1184928400351686
583	-1.0873835937664345
584	-1.0569547947672666
585	-1.2549582037818985
586	-0.6551335489268004
587	-1.0361911191576374
588	-0.7471514549782674
589	-1.096810064855321
590	-1.1247357802525662
591	-1.2257672118298422
592	-1.2408156397633425
593	-0.8229787706686003
594	-1.4338344840998352
595	-1.456166552058024
596	-1.1689523633180718
597	-0.7271874721443103
598	-1.1268413243262023
599	-0.8960276986518443
600	-0.9142550542266383
601	-1.1251876776913383
602	-1.2305564179826354
603	-0.8757379327414105
604	-1.000719906226694
605	-0.8829331995322909
606	-0.9279320176896866
607	-1.2139069227975787
608	-1.563408958314364
609	-1.5134054319672308
610	-0.9760185383167956
611	-0.7435428634281627
612	-0.8432512765283937
613	-0.8756934521438942
614	-1.0852309163359826
615	-0.9125867296569175
616	-0.6407106749671405
617	-0.9179876590305389
618	-0.7431101895520007
619	-1.064044203411003
620	-1.2875425415068824
621	-0.9077839900105025
622	-0.8514636881383331
623	-0.6283750214239794
624	-0.027136159463632348
625	-0.02633805818176982
626	-0.26446720154766923
627	-0.46199614618264406
628	0.14243191459763493
629	0.17877469847543082
630	-0.46581847027774104
631	0.008163525817310946
632	0.018206521129906283
633	0.6819675510459662
634	0.1299250748203684
635	0.1967120460755305
636	-0.014811888328351452
637	0.5230256872560568
638	0.5355923725240623
639	0.3433291123497193
640	-1.6750056902530324
641	-1.2352963799384276
642	-0.9361797702739543
643	-1.1172908117106124
644	-0.9949238091667658
645	-1.1770959377655876
646	-1.1184928400351686
647	-1.0873835937664345
648	-1.0569547947672666
649	-1.2549582037818985
650	-0.6551335489268004
651	-1.0361911191576374
652	-0.7471514549782674
653	-1.096810064855321
654	-1.1247357802525662
655	-1.2257672118298422
656	-1.2408156397633425
657	-0.8229787706686003
658	-1.4338344840998352
659	-1.456166552058024
660	-1.1689523633180718
661	-0.7271874721443103
662	-1.1268413243262023
663	-0.8960276986518443
664	-0.9142550542266383
665	-1.1251876776913383
666	-1.2305564179826354
667	-0.8757379327414105
668	-1.000719906226694
669	-0.8829331995322909
670	-0.9279320176896866
671	-1.2139069227975787
672	-1.563408958314364
673	-1.5134054319672308
674	-0.9760185383167956
675	-0.7435428634281627
676	-0.8432512765283937
677	-0.8756934521438942
678	-1.0852309163359826
679	-0.9125867296569175
680	-0.6407106749671405
681	-0.9179876590305389
682	-0.7431101895520007
683	-1.064044203411003
684	-1.2875425415068824
685	-0.9077839900105025
686	-0.8514636881383331
687	-0.6283750214239794
688	-0.027136159463632348
689	-0.02633805818176982
690	-0.26446720154766923
691	-0.46199614618264406
692	0.14243191459763493
693	0.17877469847543082
694	-0.46581847027774104
695	0.008163525817310946
696	0.018206521129906283
697	0.6819675510459662
698	0.1299250748203684
699	0.1967120460755305
700	-0.014811888328351452
701	0.5230256872560568
702	0.5355923725240623
703	0.3433291123497193
704	-1.6750056902530324
705	-1.2352963799384276
706	-0.9361797702739543
707	-1.1172908117106124
708	-0.9949238091667658
709	-1.1770959377655876
710	-1.1184928400351686
711	-1.0873835937664345
712	-1.0569547947672666
713	-1.2549582037818985
714	-0.6551335489268004
715	-1.0361911191576374
716	-0.7471514549782674
717	-1.096810064855321
718	-1.1247357802525662
719	-1.2257672118298422
720	-1.2408156397633425
721	-0.8229787706686003
722	-1.4338344840998352
723	-1.456166552058024
724	-1.1689523633180718
725	-0.7271874721443103
726	-1.1268413243262023
727	-0.8960276986518443
728	-0.9142550542266383
729	-1.1251876776913383
730	-1.2305564179826354
731	-0.8757379327414105
732	-1.000719906226694
733	-0.8829331995322909
734	-0.9279320176896866
735	-1.2139069227975787
736	-1.563408958314364
737	-1.5134054319672308
738	-0.9760185383167956
739	-0.7435428634281627
740	-0.8432512765283937
741	-0.8756934521438942
742	-1.0852309163359826
743	-0.9125867296569175
744	-0.6407106749671405
745	-0.9179876590305389
746	-0.7431101895520007
747	-1.064044203411003
748	-1.2875425415068824
749	-0.9077839900105025
750	-0.8514636881383331
751	-0.6283750214239794
752	-0.027136159463632348
753	-0.02633805818176982
754	-0.26446720154766923
755	-0.46199614618264406
756	0.14243191459763493
757	0.17877469847543082
758	-0.46581847027774104
759	0.008163525817310946
760	0.018206521129906283
761	0.6819675510459662
762	0.1299250748203684
763	0.1967120460755305
764	-0.014811888328351452
765	0.5230256872560568
766	0.5355923725240623
767	0.3433291123497193
768	-1.6750056902530324
769	-1.2352963799384276
770	-0.9361797702739543
771	-1.1172908117106124
772	-0.9949238091667658
773	-1.1770959377655876
774	-1.1184928400351686
775	-1.0873835937664345
776	-1.0569547947672666
777	-1.2549582037818985
778	-0.6551335489268004
779	-1.0361911191576374
780	-0.7471514549782674
781	-1.096810064855321
782	-1.1247357802525662
783	-1.2257672118298422
784	-1.2408156397633425
785	-0.8229787706686003
786	-1.4338344840998352
787	-1.456166552058024
788	-1.1689523633180718
789	-0.7271874721443103
790	-1.1268413243262023
791	-0.8960276986518443
792	-0.9142550542266383
793	-1.1251876776913383
794	-1.2305564179826354
795	-0.8757379327414105
796	-1.000719906226694
797	-0.8829331995322909
798	-0.9279320176896866
799	-1.2139069227975787
800	-1.563408958314364
801	-1.5134054319672308
802	-0.9760185383167956
803	-0.7435428634281627
804	-0.8432512765283937
805	-0.8756934521438942
806	-1.0852309163359826
807	-0.9125867296569175
808	-0.6407106749671405
809	-0.9179876590305389
810	-0.7431101895520007
811	-1.064044203411003
812	-1.2875425415068824
813	-0.9077839900105025
814	-0.8514636881383331
815	-0.6283750214239794
816	-0.027136159463632348
817	-0.02633805818176982
818	-0.26446720154766923
819	-0.46199614618264406
820	0.14243191459763493
821	0.17877469847543082
822	-0.46581847027774104
823	0.008163525817310946
824	0.018206521129906283
825	0.6819675510459662
826	0.1299250748203684
827	0.1967120460755305
828	-0.014811888328351452
829	0.5230256872560568
830	0.5355923725240623
831	0.3433291123497193
832	-1.6750056902530324
833	-1.2352963799384276
834	-0.9361797702739543
835	-1.1172908117106124
836	-0.9949238091667658
837	-1.1770959377655876
838	-1.1184928400351686
839	-1.0873835937664345
840	-1.0569547947672666
841	-1.2549582037818985
842	-0.6551335489268004
843	-1.0361911191576374
844	-0.7471514549782674
845	-1.096810064855321
846	-1.1247357802525662
847	-1.2257672118298422
848	-1.2408156397633425
849	-0.8229787706686003
850	-1.4338344840998352
851	-1.456166552058024
852	-1.1689523633180718
853	-0.7271874721443103
854	-1.1268413243262023
855	-0.8960276986518443
856	-0.9142550542266383
857	-1.1251876776913383
858	-1.2305564179826354
859	-0.8757379327414105
860	-1.000719906226694
861	-0.8829331995322909
862	-0.9279320176896866
863	-1.2139069227975787
864	-1.563408958314364
865	-1.5134054319672308
866	-0.9760185383167956
867	-0.7435428634281627
868	-0.8432512765283937
869	-0.8756934521438942
870	-1.0852309163359826
871	-0.9125867296569175
872	-0.6407106749671405
873	-0.9179876590305389
874	-0.7431101895520007
875	-1.064044203411003
876	-1.2875425415068824
877	-0.9077839900105025
878	-0.8514636881383331
879	-0.6283750214239794
880	-0.027136159463632348
881	-0.02633805818176982
882	-0.26446720154766923
883	-0.46199614618264406
884	0.14243191459763493
885	0.17877469847543082
886	-0.46581847027774104
887	0.008163525817310946
888	0.018206521129906283
889	0.6819675510459662
890	0.1299250748203684
891	0.1967120460755305
892	-0.014811888328351452
893	0.5230256872560568
894	0.5355923725240623
895	0.3433291123497193
896	-1.6750056902530324
897	-1.2352963799384276
898	-0.9361797702739543
899	-1.1172908117106124
900	-0.9949238091667658
901	-1.1770959377655876
902	-1.1184928400351686
903	-1.0873835937664345
904	-1.0569547947672666
905	-1.2549582037818985
906	-0.6551335489268004
907	-1.0361911191576374
908	-0.7471514549782674
909	-1.096810064855321
910	-1.1247357802525662
911	-1.2257672118298422
912	-1.2408156397633425
913	-0.8229787706686003
914	-1.4338344840998352
915	-1.456166552058024
916	-1.1689523633180718
917	-0.7271874721443103
918	-1.1268413243262023
919	-0.8960276986518443
920	-0.9142550542266383
921	-1.1251876776913383
922	-1.2305564179826354
923	-0.8757379327414105
924	-1.000719906226694
925	-0.8829331995322909
926	-0.9279320176896866
927	-1.2139069227975787
928	-1.563408958314364
929	-1.5134054319672308
930	-0.9760185383167956
931	-0.7435428634281627
932	-0.8432512765283937
933	-0.8756934521438942
934	-1.0852309163359826
935	-0.9125867296569175
936	-0.6407106749671405
937	-0.9179876590305389
938	-0.7431101895520007
939	-1.064044203411003
940	-1.2875425415068824
941	-0.9077839900105025
942	-0.8514636881383331
943	-0.6283750214239794
944	-0.027136159463632348
945	-0.02633805818176982
946	-0.26446720154766923
947	-0.46199614618264406
948	0.14243191459763493
949	0.17877469847543082
950	-0.46581847027774104
951	0.008163525817310946
952	0.018206521129906283
953	0.6819675510459662
954	0.1299250748203684
955	0.1967120460755305
956	-0.014811888328351452
957	0.5230256872560568
958	0.5355923725240623
959	0.3433291123497193
960	-1.6750056902530324
961	-1.2352963799384276
962	-0.9361797702739543
963	-1.1172908117106124
964	-0.9949238091667658
965	-1.1770959377655876
966	-1.1184928400351686
967	-1.0873835937664345
968	-1.0569547947672666
969	-1.2549582037818985
970	-0.6551335489268004
971	-1.0361911191576374
972	-0.7471514549782674
973	-1.096810064855321
974	-1.1247357802525662
975	-1.2257672118298422
976	-1.2408156397633425
977	-0.8229787706686003
978	-1.4338344840998352
979	-1.456166552058024
980	-1.1689523633180718
981	-0.7271874721443103
982	-1.1268413243262023
983	-0.8960276986518443
984	-0.9142550542266383
985	-1.1251876776913383
986	-1.2305564179826354
987	-0.8757379327414105
988	-1.000719906226694
989	-0.8829331995322909
990	-0.9279320176896866
991	-1.2139069227975787
992	-1.563408958314364
993	-1.5134054319672308
994	-0.9760185383167956
995	-0.7435428634281627
996	-0.8432512765283937
997	-0.8756934521438942
998	-1.0852309163359826
999	-0.9125867296569175
1000	-0.6407106749671405
1001	-0.9179876590305389
1002	-0.7431101895520007
1003	-1.064044203411003
1004	-1.2875425415068824
1005	-0.9077839900105025
1006	-0.8514636881383331
1007	-0.6283750214239794
1008	-0.027136159463632348
1009	-0.02633805818176982
1010	-0.26446720154766923
1011	-0.46199614618264406
1012	0.14243191459763493
1013	0.17877469847543082
1014	-0.46581847027774104
1015	0.008163525817310946
1016	0.018206521129906283
1017	0.6819675510459662
1018	0.1299250748203684
1019	0.1967120460755305
1020	-0.014811888328351452
1021	0.5230256872560568
1022	0.5355923725240623
1023	0.3433291123497193
1024	-0.15500569025303235
1025	0.28470362006157246
1026	0.5838202297260457
1027	0.4027091882893876
1028	0.5250761908332342
1029	0.3429040622344124
1030	0.40150715996483144
1031	0.43261640623356556
1032	0.4630452052327334
1033	0.26504179621810153
1034	0.8648664510731996
1035	0.4838088808423626
1036	0.7728485450217326
1037	0.42318993514467906
1038	0.39526421974743386
1039	0.29423278817015786
1040	0.2791843602366575
1041	0.6970212293313998
1042	0.08616551590016486
1043	0.06383344794197598
1044	0.3510476366819282
1045	0.7928125278556897
1046	0.3931586756737977
1047	0.6239723013481557
1048	0.6057449457733617
1049	0.3948123223086617
1050	0.28944358201736464
1051	0.6442620672585895
1052	0.519280093773306
1053	0.6370668004677091
1054	0.5920679823103134
1055	0.3060930772024213
1056	-0.04340895831436398
1057	0.006594568032769255
1058	0.5439814616832044
1059	0.7764571365718373
1060	0.6767487234716063
1061	0.6443065478561059
1062	0.43476908366401745
1063	0.6074132703430826
1064	0.8792893250328595
1065	0.6020123409694611
1066	0.7768898104479993
1067	0.4559557965889971
1068	0.2324574584931176
1069	0.6122160099894975
1070	0.668536311861667
1071	0.8916249785760206
1072	1.4928638405363677
1073	1.4936619418182302
1074	1.2555327984523308
1075	1.058003853817356
1076	1.662431914597635
1077	1.6987746984754308
1078	1.054181529722259
1079	1.528163525817311
1080	1.5382065211299063
1081	2.201967551045966
1082	1.6499250748203684
1083	1.7167120460755305
1084	1.5051881116716486
1085	2.0430256872560566
1086	2.055592372524062
1087	1.8633291123497193
1088	-0.15500569025303235
1089	0.28470362006157246
1090	0.5838202297260457
1091	0.4027091882893876
1092	0.5250761908332342
1093	0.3429040622344124
1094	0.40150715996483144
1095	0.43261640623356556
1096	0.4630452052327334
1097	0.26504179621810153
1098	0.8648664510731996
1099	0.4838088808423626
1100	0.7728485450217326
1101	0.42318993514467906
1102	0.39526421974743386
1103	0.29423278817015786
1104	0.2791843602366575
1105	0.6970212293313998
1106	0.08616551590016486
1107	0.06383344794197598
1108	0.3510476366819282
1109	0.7928125278556897
1110	0.3931586756737977
1111	0.6239723013481557
1112	0.6057449457733617
1113	0.3948123223086617
1114	0.28944358201736464
1115	0.6442620672585895
1116	0.519280093773306
1117	0.6370668004677091
1118	0.5920679823103134
1119	0.3060930772024213
1120	-0.04340895831436398
1121	0.006594568032769255
1122	0.5439814616832044
1123	0.7764571365718373
1124	0.6767487234716063
1125	0.6443065478561059
1126	0.43476908366401745
1127	0.6074132703430826
1128	0.8792893250328595
1129	0.6020123409694611
1130	0.7768898104479993
1131	0.4559557965889971
1132	0.2324574584931176
1133	0.6122160099894975
1134	0.668536311861667
1135	0.8916249785760206
1136	1.4928638405363677
1137	1.4936619418182302
1138	1.2555327984523308
1139	1.058003853817356
1140	1.662431914597635
1141	1.6987746984754308
1142	1.054181529722259
1143	1.528163525817311
1144	1.5382065211299063
1145	2.201967551045966
1146	1.6499250748203684
1147	1.7167120460755305
1148	1.5051881116716486
1149	2.0430256872560566
1150	2.055592372524062
1151	1.8633291123497193
1152	-0.15500569025303235
1153	0.28470362006157246
1154	0.5838202297260457
1155	0.4027091882893876
1156	0.5250761908332342
1157	0.3429040622344124
1158	0.40150715996483144
1159	0.43261640623356556
1160	0.4630452052327334
1161	0.26504179621810153
1162	0.8648664510731996
1163	0.4838088808423626
1164	0.7728485450217326
1165	0.42318993514467906
1166	0.39526421974743386
1167	0.29423278817015786
1168	0.2791843602366575
1169	0.6970212293313998
1170	0.08616551590016486
1171	0.06383344794197598
1172	0.3510476366819282
1173	0.7928125278556897
1174	0.3931586756737977
1175	0.6239723013481557
1176	0.6057449457733617
1177	0.3948123223086617
1178	0.28944358201736464
1179	0.6442620672585895
1180	0.519280093773306
1181	0.6370668004677091
1182	0.5920679823103134
1183	0.3060930772024213
1184	-0.04340895831436398
1185	0.006594568032769255
1186	0.5439814616832044
1187	0.7764571365718373
1188	0.6767487234716063
1189	0.6443065478561059
1190	0.43476908366401745
1191	0.6074132703430826
1192	0.8792893250328595
1193	0.6020123409694611
1194	0.7768898104479993
1195	0.4559557965889971
1196	0.2324574584931176
1197	0.6122160099894975
1198	0.668536311861667
1199	0.8916249785760206
1200	1.4928638405363677
1201	1.4936619418182302
1202	1.2555327984523308
1203	1.058003853817356
1204	1.662431914597635
1205	1.6987746984754308
1206	1.054181529722259
1207	1.528163525817311
1208	1.5382065211299063
1209	2.201967551045966
1210	1.6499250748203684
1211	1.7167120460755305
1212	1.5051881116716486
1213	2.0430256872560566
1214	2.055592372524062
1215	1.8633291123497193
1216	-0.15500569025303235
1217	0.28470362006157246
1218	0.5838202297260457
1219	0.4027091882893876
1220	0.5250761908332342
1221	0.3429040622344124
1222	0.40150715996483144
1223	0.43261640623356556
1224	0.4630452052327334
1225	0.26504179621810153
1226	0.8648664510731996
1227	0.4838088808423626
1228	0.7728485450217326
1229	0.42318993514467906
1230	0.39526421974743386
1231	0.29423278817015786
1232	0.2791843602366575
1233	0.6970212293313998
1234	0.08616551590016486
1235	0.06383344794197598
1236	0.3510476366819282
1237	0.7928125278556897
1238	0.3931586756737977
1239	0.6239723013481557
1240	0.6057449457733617
1241	0.3948123223086617
1242	0.28944358201736464
1243	0.6442620672585895
1244	0.519280093773306
1245	0.6370668004677091
1246	0.5920679823103134
1247	0.3060930772024213
1248	-0.04340895831436398
1249	0.006594568032769255
1250	0.5439814616832044
1251	0.7764571365718373
1252	0.6767487234716063
1253	0.6443065478561059
1254	0.43476908366401745
1255	0.6074132703430826
1256	0.8792893250328595
1257	0.6020123409694611
1258	0.7768898104479993
1259	0.4559557965889971
1260	0.2324574584931176
1261	0.6122160099894975
1262	0.668536311861667
1263	0.8916249785760206
1264	1.4928638405363677
1265	1.4936619418182302
1266	1.2555327984523308
1267	1.058003853817356
1268	1.662431914597635
1269	1.6987746984754308
1270	1.054181529722259
1271	1.528163525817311
1272	1.5382065211299063
1273	2.201967551045966
1274	1.6499250748203684
1275	1.7167120460755305
1276	1.5051881116716486
1277	2.0430256872560566
1278	2.055592372524062
1279	1.8633291123497193
1280	-0.15500569025303235
1281	0.28470362006157246
1282	0.5838202297260457
1283	0.4027091882893876
1284	0.5250761908332342
1285	0.3429040622344124
1286	0.40150715996483144
1287	0.43261640623356556
1288	0.4630452052327334
1289	0.26504179621810153
1290	0.8648664510731996
1291	0.4838088808423626
1292	0.7728485450217326
1293	0.42318993514467906
1294	0.39526421974743386
1295	0.29423278817015786
1296	0.2791843602366575
1297	0.6970212293313998
1298	0.08616551590016486
1299	0.06383344794197598
1300	0.3510476366819282
1301	0.7928125278556897
1302	0.3931586756737977
1303	0.6239723013481557
1304	0.6057449457733617
1305	0.3948123223086617
1306	0.28944358201736464
1307	0.6442620672585895
1308	0.519280093773306
1309	0.6370668004677091
1310	0.5920679823103134
1311	0.3060930772024213
1312	-0.04340895831436398
1313	0.006594568032769255
1314	0.5439814616832044
1315	0.7764571365718373
1316	0.6767487234716063
1317	0.6443065478561059
1318	0.43476908366401745
1319	0.6074132703430826
1320	0.8792893250328595
1321	0.6020123409694611
1322	0.7768898104479993
1323	0.4559557965889971
1324	0.2324574584931176
1325	0.6122160099894975
1326	0.668536311861667
1327	0.8916249785760206
1328	1.4928638405363677
1329	1.4936619418182302
1330	1.2555327984523308
1331	1.058003853817356
1332	1.662431914597635
1333	1.6987746984754308
1334	1.054181529722259
1335	1.528163525817311
1336	1.5382065211299063
1337	2.201967551045966
1338	1.6499250748203684
1339	1.7167120460755305
1340	1.5051881116716486
1341	2.0430256872560566
1342	2.055592372524062
1343	1.8633291123497193
1344	-0.15500569025303235
1345	0.28470362006157246
1346	0.5838202297260457
1347	0.4027091882893876
1348	0.5250761908332342
1349	0.3429040622344124
1350	0.40150715996483144
1351	0.43261640623356556
1352	0.4630452052327334
1353	0.26504179621810153
1354	0.8648664510731996
1355	0.4838088808423626
1356	0.7728485450217326
1357	0.42318993514467906
1358	0.39526421974743386
1359	0.29423278817015786
1360	0.2791843602366575
1361	0.6970212293313998
1362	0.08616551590016486
1363	0.06383344794197598
1364	0.3510476366819282
1365	0.7928125278556897
1366	0.3931586756737977
1367	0.6239723013481557
1368	0.6057449457733617
1369	0.3948123223086617
1370	0.28944358201736464
1371	0.6442620672585895
1372	0.519280093773306
1373	0.6370668004677091
1374	0.5920679823103134
1375	0.3060930772024213
1376	-0.04340895831436398
1377	0.006594568032769255
1378	0.5439814616832044
1379	0.7764571365718373
1380	0.6767487234716063
1381	0.6443065478561059
1382	0.43476908366401745
1383	0.6074132703430826
1384	0.8792893250328595
1385	0.6020123409694611
1386	0.7768898104479993
1387	0.4559557965889971
1388	0.2324574584931176
1389	0.6122160099894975
1390	0.668536311861667
1391	0.8916249785760206
1392	1.4928638405363677
1393	1.4936619418182302
1394	1.2555327984523308
1395	1.058003853817356
1396	1.662431914597635
1397	1.6987746984754308
1398	1.054181529722259
1399	1.528163525817311
1400	1.5382065211299063
1401	2.201967551045966
1402	1.6499250748203684
1403	1.7167120460755305
1404	1.5051881116716486
1405	2.0430256872560566
1406	2.055592372524062
1407	1.8633291123497193
1408	-0.15500569025303235
1409	0.28470362006157246
1410	0.5838202297260457
1411	0.4027091882893876
1412	0.5250761908332342
1413	0.3429040622344124
1414	0.40150715996483144
1415	0.43261640623356556
1416	0.4630452052327334
1417	0.26504179621810153
1418	0.8648664510731996
1419	0.4838088808423626
1420	0.7728485450217326
1421	0.42318993514467906
1422	0.39526421974743386
1423	0.29423278817015786
1424	0.2791843602366575
1425	0.6970212293313998
1426	0.08616551590016486
1427	0.06383344794197598
1428	0.3510476366819282
1429	0.7928125278556897
1430	0.3931586756737977
1431	0.6239723013481557
1432	0.6057449457733617
1433	0.3948123223086617
1434	0.28944358201736464
1435	0.6442620672585895
1436	0.519280093773306
1437	0.6370668004677091
1438	0.5920679823103134
1439	0.3060930772024213
1440	-0.04340895831436398
1441	0.006594568032769255
1442	0.5439814616832044
1443	0.7764571365718373
1444	0.6767487234716063
1445	0.6443065478561059
1446	0.43476908366401745
1447	0.6074132703430826
1448	0.8792893250328595
1449	0.6020123409694611
1450	0.7768898104479993
1451	0.4559557965889971
1452	0.2324574584931176
1453	0.6122160099894975
1454	0.668536311861667
1455	0.8916249785760206
1456	1.4928638405363677
1457	1.4936619418182302
1458	1.2555327984523308
1459	1.058003853817356
1460	1.662431914597635
1461	1.6987746984754308
1462	1.054181529722259
1463	1.528163525817311
1464	1.5382065211299063
1465	2.201967551045966
1466	1.6499250748203684
1467	1.7167120460755305
1468	1.5051881116716486
1469	2.0430256872560566
1470	2.055592372524062
1471	1.8633291123497193
1472	-0.15500569025303235
1473	0.28470362006157246
1474	0.5838202297260457
1475	0.4027091882893876
1476	0.5250761908332342
1477	0.3429040622344124
1478	0.40150715996483144
1479	0.43261640623356556
1480	0.4630452052327334
1481	0.26504179621810153
1482	0.8648664510731996
1483	0.4838088808423626
1484	0.7728485450217326
1485	0.42318993514467906
1486	0.39526421974743386
1487	0.29423278817015786
1488	0.2791843602366575
1489	0.6970212293313998
1490	0.08616551590016486
1491	0.06383344794197598
1492	0.3510476366819282
1493	0.7928125278556897
1494	0.3931586756737977
1495	0.6239723013481557
1496	0.6057449457733617
1497	0.3948123223086617
1498	0.28944358201736464
1499	0.6442620672585895
1500	0.519280093773306
1501	0.6370668004677091
1502	0.5920679823103134
1503	0.3060930772024213
1504	-0.04340895831436398
1505	0.006594568032769255
1506	0.5439814616832044
1507	0.7764571365718373
1508	0.6767487234716063
1509	0.6443065478561059
1510	0.43476908366401745
1511	0.6074132703430826
1512	0.8792893250328595
1513	0.6020123409694611
1514	0.7768898104479993
1515	0.4559557965889971
1516	0.2324574584931176
1517	0.6122160099894975
1518	0.668536311861667
1519	0.8916249785760206
1520	1.4928638405363677
1521	1.4936619418182302
1522	1.2555327984523308
1523	1.058003853817356
1524	1.662431914597635
1525	1.6987746984754308
1526	1.054181529722259
1527	1.528163525817311
1528	1.5382065211299063
1529	2.201967551045966
1530	1.6499250748203684
1531	1.7167120460755305
1532	1.5051881116716486
1533	2.0430256872560566
1534	2.055592372524062
1535	1.8633291123497193
1536	-0.15500569025303235
1537	0.28470362006157246
1538	0.5838202297260457
1539	0.4027091882893876
1540	0.5250761908332342
1541	0.3429040622344124
1542	0.40150715996483144
1543	0.43261640623356556
1544	0.4630452052327334
1545	0.26504179621810153
1546	0.8648664510731996
1547	0.4838088808423626
1548	0.7728485450217326
1549	0.42318993514467906
1550	0.39526421974743386
1551	0.29423278817015786
1552	0.2791843602366575
1553	0.6970212293313998
1554	0.08616551590016486
1555	0.06383344794197598
1556	0.3510476366819282
1557	0.7928125278556897
1558	0.3931586756737977
1559	0.6239723013481557
1560	0.6057449457733617
1561	0.3948123223086617
1562	0.28944358201736464
1563	0.6442620672585895
1564	0.519280093773306
1565	0.6370668004677091
1566	0.5920679823103134
1567	0.3060930772024213
1568	-0.04340895831436398
1569	0.006594568032769255
1570	0.5439814616832044
1571	0.7764571365718373
1572	0.6767487234716063
1573	0.6443065478561059
1574	0.43476908366401745
1575	0.6074132703430826
1576	0.8792893250328595
1577	0.6020123409694611
1578	0.7768898104479993
1579	0.4559557965889971
1580	0.2324574584931176
1581	0.6122160099894975
1582	0.668536311861667
1583	0.8916249785760206
1584	1.4928638405363677
1585	1.4936619418182302
1586	1.2555327984523308
1587	1.058003853817356
1588	1.662431914597635
1589	1.6987746984754308
1590	1.054181529722259
1591	1.528163525817311
1592	1.5382065211299063
1593	2.201967551045966
1594	1.6499250748203684
1595	1.7167120460755305
1596	1.5051881116716486
1597	2.0430256872560566
1598	2.055592372524062
1599	1.8633291123497193
1600	-0.15500569025303235
1601	0.28470362006157246
1602	0.5838202297260457
1603	0.4027091882893876
1604	0.5250761908332342
1605	0.3429040622344124
1606	0.40150715996483144
1607	0.43261640623356556
1608	0.4630452052327334
1609	0.26504179621810153
1610	0.8648664510731996
1611	0.4838088808423626
1612	0.7728485450217326
1613	0.42318993514467906
1614	0.39526421974743386
1615	0.29423278817015786
1616	0.2791843602366575
1617	0.6970212293313998
1618	0.08616551590016486
1619	0.06383344794197598
1620	0.3510476366819282
1621	0.7928125278556897
1622	0.3931586756737977
1623	0.6239723013481557
1624	0.6057449457733617
1625	0.3948123223086617
1626	0.28944358201736464
1627	0.6442620672585895
1628	0.519280093773306
1629	0.6370668004677091
1630	0.5920679823103134
1631	0.3060930772024213
1632	-0.04340895831436398
1633	0.006594568032769255
1634	0.5439814616832044
1635	0.7764571365718373
1636	0.6767487234716063
1637	0.6443065478561059
1638	0.43476908366401745
1639	0.6074132703430826
1640	0.8792893250328595
1641	0.6020123409694611
1642	0.7768898104479993
1643	0.4559557965889971
1644	0.2324574584931176
1645	0.6122160099894975
1646	0.668536311861667
1647	0.8916249785760206
1648	1.4928638405363677
1649	1.4936619418182302
1650	1.2555327984523308
1651	1.058003853817356
1652	1.662431914597635
1653	1.6987746984754308
1654	1.054181529722259
1655	1.528163525817311
1656	1.5382065211299063
1657	2.201967551045966
1658	1.6499250748203684
1659	1.7167120460755305
1660	1.5051881116716486
1661	2.0430256872560566
1662	2.055592372524062
1663	1.8633291123497193
1664	-0.15500569025303235
1665	0.28470362006157246
1666	0.5838202297260457
1667	0.4027091882893876
1668	0.5250761908332342
1669	0.3429040622344124
1670	0.40150715996483144
1671	0.43261640623356556
1672	0.4630452052327334
1673	0.26504179621810153
1674	0.8648664510731996
1675	0.4838088808423626
1676	0.7728485450217326
1677	0.42318993514467906
1678	0.39526421974743386
1679	0.29423278817015786
1680	0.2791843602366575
1681	0.6970212293313998
1682	0.08616551590016486
1683	0.06383344794197598
1684	0.3510476366819282
1685	0.7928125278556897
1686	0.3931586756737977
1687	0.6239723013481557
1688	0.6057449457733617
1689	0.3948123223086617
1690	0.28944358201736464
1691	0.6442620672585895
1692	0.519280093773306
1693	0.6370668004677091
1694	0.5920679823103134
1695	0.3060930772024213
1696	-0.04340895831436398
1697	0.006594568032769255
1698	0.5439814616832044
1699	0.7764571365718373
1700	0.6767487234716063
1701	0.6443065478561059
1702	0.43476908366401745
1703	0.6074132703430826
1704	0.8792893250328595
1705	0.6020123409694611
1706	0.7768898104479993
1707	0.4559557965889971
1708	0.2324574584931176
1709	0.6122160099894975
1710	0.668536311861667
1711	0.8916249785760206
1712	1.4928638405363677
1713	1.4936619418182302
1714	1.2555327984523308
1715	1.058003853817356
1716	1.662431914597635
1717	1.6987746984754308
1718	1.054181529722259
1719	1.528163525817311
1720	1.5382065211299063
1721	2.201967551045966
1722	1.6499250748203684
1723	1.7167120460755305
1724	1.5051881116716486
1725	2.0430256872560566
1726	2.055592372524062
1727	1.8633291123497193
1728	-0.15500569025303235
1729	0.28470362006157246
1730	0.5838202297260457
1731	0.4027091882893876
1732	0.5250761908332342
1733	0.3429040622344124
1734	0.40150715996483144
1735	0.43261640623356556
1736	0.4630452052327334
1737	0.26504179621810153
1738	0.8648664510731996
1739	0.4838088808423626
1740	0.7728485450217326
1741	0.42318993514467906
1742	0.39526421974743386
1743	0.29423278817015786
1744	0.2791843602366575
1745	0.6970212293313998
1746	0.08616551590016486
1747	0.06383344794197598
1748	0.3510476366819282
1749	0.7928125278556897
1750	0.3931586756737977
1751	0.6239723013481557
1752	0.6057449457733617
1753	0.3948123223086617
1754	0.28944358201736464
1755	0.6442620672585895
1756	0.519280093773306
1757	0.6370668004677091
1758	0.5920679823103134
1759	0.3060930772024213
1760	-0.04340895831436398
1761	0.006594568032769255
1762	0.5439814616832044
1763	0.7764571365718373
1764	0.6767487234716063
1765	0.6443065478561059
1766	0.43476908366401745
1767	0.6074132703430826
1768	0.8792893250328595
1769	0.6020123409694611
1770	0.7768898104479993
1771	0.4559557965889971
1772	0.2324574584931176
1773	0.6122160099894975
1774	0.668536311861667
1775	0.8916249785760206
1776	1.4928638405363677
1777	1.4936619418182302
1778	1.2555327984523308
1779	1.058003853817356
1780	1.662431914597635
1781	1.6987746984754308
1782	1.054181529722259
1783	1.528163525817311
1784	1.5382065211299063
1785	2.201967551045966
1786	1.6499250748203684
1787	1.7167120460755305
1788	1.5051881116716486
1789	2.0430256872560566
1790	2.055592372524062
1791	1.8633291123497193
1792	-0.15500569025303235
1793	0.28470362006157246
1794	0.5838202297260457
1795	0.4027091882893876
1796	0.5250761908332342
1797	0.3429040622344124
1798	0.40150715996483144
1799	0.43261640623356556
1800	0.4630452052327334
1801	0.26504179621810153
1802	0.8648664510731996
1803	0.4838088808423626
1804	0.7728485450217326
1805	0.42318993514467906
1806	0.39526421974743386
1807	0.29423278817015786
1808	0.2791843602366575
1809	0.6970212293313998
1810	0.08616551590016486
1811	0.06383344794197598
1812	0.3510476366819282
1813	0.7928125278556897
1814	0.3931586756737977
1815	0.6239723013481557
1816	0.6057449457733617
1817	0.3948123223086617
1818	0.28944358201736464
1819	0.6442620672585895
1820	0.519280093773306
1821	0.6370668004677091
1822	0.5920679823103134
1823	0.3060930772024213
1824	-0.04340895831436398
1825	0.006594568032769255
1826	0.5439814616832044
1827	0.7764571365718373
1828	0.6767487234716063
1829	0.6443065478561059
1830	0.43476908366401745
1831	0.6074132703430826
1832	0.8792893250328595
1833	0.6020123409694611
1834	0.7768898104479993
1835	0.4559557965889971
1836	0.2324574584931176
1837	0.6122160099894975
1838	0.668536311861667
1839	0.8916249785760206
1840	1.4928638405363677
1841	1.4936619418182302
1842	1.2555327984523308
1843	1.058003853817356
1844	1.662431914597635
1845	1.6987746984754308
1846	1.054181529722259
1847	1.528163525817311
1848	1.5382065211299063
1849	2.201967551045966
1850	1.6499250748203684
1851	1.7167120460755305
1852	1.5051881116716486
1853	2.0430256872560566
1854	2.055592372524062
1855	1.8633291123497193
1856	-0.15500569025303235
1857	0.28470362006157246
1858	0.5838202297260457
1859	0.4027091882893876
1860	0.5250761908332342
1861	0.3429040622344124
1862	0.40150715996483144
1863	0.43261640623356556
1864	0.4630452052327334
1865	0.26504179621810153
1866	0.8648664510731996
1867	0.4838088808423626
1868	0.7728485450217326
1869	0.42318993514467906
1870	0.39526421974743386
1871	0.29423278817015786
1872	0.2791843602366575
1873	0.6970212293313998
1874	0.08616551590016486
1875	0.06383344794197598
1876	0.3510476366819282
1877	0.7928125278556897
1878	0.3931586756737977
1879	0.6239723013481557
1880	0.6057449457733617
1881	0.3948123223086617
1882	0.28944358201736464
1883	0.6442620672585895
1884	0.519280093773306
1885	0.6370668004677091
1886	0.5920679823103134
1887	0.3060930772024213
1888	-0.04340895831436398
1889	0.006594568032769255
1890	0.5439814616832044
1891	0.7764571365718373
1892	0.6767487234716063
1893	0.6443065478561059
1894	0.43476908366401745
1895	0.6074132703430826
1896	0.8792893250328595
1897	0.6020123409694611
1898	0.7768898104479993
1899	0.4559557965889971
1900	0.2324574584931176
1901	0.6122160099894975
1902	0.668536311861667
1903	0.8916249785760206
1904	1.4928638405363677
1905	1.4936619418182302
1906	1.2555327984523308
1907	1.058003853817356
1908	1.662431914597635
1909	1.6987746984754308
1910	1.054181529722259
1911	1.528163525817311
1912	1.5382065211299063
1913	2.201967551045966
1914	1.6499250748203684
1915	1.7167120460755305
1916	1.5051881116716486
1917	2.0430256872560566
1918	2.055592372524062
1919	1.8633291123497193
1920	-0.15500569025303235
1921	0.28470362006157246
1922	0.5838202297260457
1923	0.4027091882893876
1924	0.5250761908332342
1925	0.3429040622344124
1926	0.40150715996483144
1927	0.43261640623356556
1928	0.4630452052327334
1929	0.26504179621810153
1930	0.8648664510731996
1931	0.4838088808423626
1932	0.7728485450217326
1933	0.42318993514467906
1934	0.39526421974743386
1935	0.29423278817015786
1936	0.2791843602366575
1937	0.6970212293313998
1938	0.08616551590016486
1939	0.06383344794197598
1940	0.3510476366819282
1941	0.7928125278556897
1942	0.3931586756737977
1943	0.6239723013481557
1944	0.6057449457733617
1945	0.3948123223086617
1946	0.28944358201736464
1947	0.6442620672585895
1948	0.519280093773306
1949	0.6370668004677091
1950	0.5920679823103134
1951	0.3060930772024213
1952	-0.04340895831436398
1953	0.006594568032769255
1954	0.5439814616832044
1955	0.7764571365718373
1956	0.6767487234716063
1957	0.6443065478561059
1958	0.43476908366401745
1959	0.6074132703430826
1960	0.8792893250328595
1961	0.6020123409694611
1962	0.7768898104479993
1963	0.4559557965889971
1964	0.2324574584931176
1965	0.6122160099894975
1966	0.668536311861667
1967	0.8916249785760206
1968	1.4928638405363677
1969	1.4936619418182302
1970	1.2555327984523308
1971	1.058003853817356
1972	1.662431914597635
1973	1.6987746984754308
1974	1.054181529722259
1975	1.528163525817311
1976	1.5382065211299063
1977	2.201967551045966
1978	1.6499250748203684
1979	1.7167120460755305
1980	1.5051881116716486
1981	2.0430256872560566
1982	2.055592372524062
1983	1.8633291123497193
1984	-0.15500569025303235
1985	0.28470362006157246
1986	0.5838202297260457
1987	0.4027091882893876
1988	0.5250761908332342
1989	0.3429040622344124
1990	0.40150715996483144
1991	0.43261640623356556
1992	0.4630452052327334
1993	0.26504179621810153
1994	0.8648664510731996
1995	0.4838088808423626
1996	0.7728485450217326
1997	0.42318993514467906
1998	0.39526421974743386
1999	0.29423278817015786
2000	0.2791843602366575
2001	0.6970212293313998
2002	0.08616551590016486
2003	0.06383344794197598
2004	0.3510476366819282
2005	0.7928125278556897
2006	0.3931586756737977
2007	0.6239723013481557
2008	0.6057449457733617
2009	0.3948123223086617
2010	0.28944358201736464
2011	0.6442620672585895
2012	0.519280093773306
2013	0.6370668004677091
2014	0.5920679823103134
2015	0.3060930772024213
2016	-0.04340895831436398
2017	0.006594568032769255
2018	0.5439814616832044
2019	0.7764571365718373
2020	0.6767487234716063
2021	0.6443065478561059
2022	0.43476908366401745
2023	0.6074132703430826
2024	0.8792893250328595
2025	0.6020123409694611
2026	0.7768898104479993
2027	0.4559557965889971
2028	0.2324574584931176
2029	0.6122160099894975
2030	0.668536311861667
2031	0.8916249785760206
2032	1.4928638405363677
2033	1.4936619418182302
2034	1.2555327984523308
2035	1.058003853817356
2036	1.662431914597635
2037	1.6987746984754308
2038	1.054181529722259
2039	1.528163525817311
2040	1.5382065211299063
2041	2.201967551045966
2042	1.6499250748203684
2043	1.7167120460755305
2044	1.5051881116716486
2045	2.0430256872560566
2046	2.055592372524062
2047	1.8633291123497193
