pixel	correction
0	1.019573
1	1.018983
2	1.017332
3	1.018627
4	1.005943
5	0.988671
6	0.99476
7	1.010157
8	1.017651
9	1.016569
10	1.010537
11	1.013898
12	0.996068
13	0.976851
14	0.982836
15	1.00099
16	0.987914
17	0.991892
18	0.970298
19	0.962622
20	1.01585
21	1.007126
22	1.015027
23	1.00845
24	0.973502
25	0.941177
26	0.953139
27	0.982375
28	1.007549
29	1.012721
30	0.998138
31	1.004414
32	1.013152
33	1.014744
34	1.009706
35	1.005871
36	0.99592
37	0.995441
38	0.996986
39	0.993687
40	0.999185
41	1.011121
42	1.001342
43	1.009918
44	1.001615
45	1.005986
46	1.001375
47	1.006187
48	0.992676
49	0.999945
50	0.99669
51	1.000863
52	1.002401
53	1.006609
54	1.004173
55	1.006865
56	1.008489
57	1.000249
58	1.003142
59	0.994823
60	1.014655
61	1.012453
62	1.00987
63	1.006002
64	1.001654
65	1.010342
66	1.005065
67	1.011322
68	1.002597
69	1.00452
70	0.99975
71	0.997705
72	1.012106
73	1.012387
74	1.00901
75	1.007748
76	1.007939
77	1.009179
78	1.007978
79	1.006316
80	1.006269
81	1.007796
82	1.008326
83	1.005673
84	1.01215
85	1.008232
86	1.011395
87	1.009083
88	1.002663
89	0.998817
90	1.002026
91	1.004144
92	1.009176
93	1.010286
94	1.006237
95	1.006998
96	1.016466
97	1.015752
98	1.016791
99	1.017912
100	1.015268
101	1.003047
102	1.007566
103	1.013969
104	1.019954
105	1.017325
106	1.019063
107	1.018259
108	1.009634
109	1.009452
110	1.015357
111	1.014538
112	1.009922
113	1.005932
114	1.011335
115	1.006529
116	1.012273
117	1.013339
118	1.007109
119	1.008212
120	1.012815
121	1.013389
122	1.01106
123	1.011464
124	1.015017
125	1.01409
126	1.015705
127	1.014645
128	1.014515
129	1.017086
130	1.015845
131	1.018046
132	1.013718
133	1.009825
134	1.008549
135	1.012386
136	1.015819
137	1.011346
138	1.008299
139	1.013389
140	1.007147
141	1.005825
142	1.008692
143	1.011628
144	1.00125
145	1.002841
146	1.002915
147	1.001641
148	1.006893
149	1.001543
150	1.004709
151	1.003412
152	1.006168
153	1.00409
154	1.002393
155	1.002931
156	1.0077
157	1.0054
158	1.006962
159	1.003337
160	1.018732
161	1.015745
162	1.018473
163	1.020016
164	1.017567
165	1.008781
166	1.010787
167	1.016914
168	1.020675
169	1.020283
170	1.020739
171	1.019931
172	1.011104
173	1.009378
174	1.017531
175	1.016472
176	1.003879
177	0.99769
178	1.007126
179	0.9996
180	1.011016
181	1.014315
182	1.002807
183	1.006353
184	1.008572
185	1.01008
186	1.008309
187	1.007478
188	1.012425
189	1.009872
190	1.016186
191	1.013248
192	1.019622
193	1.016939
194	1.018411
195	1.01346
196	1.016491
197	1.007385
198	1.006462
199	1.01612
200	1.0095
201	1.005751
202	1.016226
203	1.017153
204	1.019695
205	1.014731
206	1.010583
207	1.017795
208	1.024213
209	1.02186
210	1.018519
211	1.021464
212	1.002882
213	1.016639
214	1.001075
215	1.016001
216	1.030109
217	1.026075
218	1.023875
219	1.026913
220	0.999456
221	1.000041
222	1.020321
223	1.018102
224	1.000392
225	0.994561
226	0.988841
227	0.995304
228	1.000937
229	1.003976
230	0.999516
231	1.006629
232	1.008292
233	1.006423
234	1.002029
235	1.0119
236	0.994795
237	0.99038
238	0.994903
239	0.9892
240	0.965905
241	0.967749
242	0.974471
243	0.977532
244	0.980089
245	0.984445
246	0.983183
247	0.986778
248	0.982052
249	0.97328
250	0.97806
251	0.966494
252	0.989652
253	0.985693
254	0.983321
255	0.978507
256	0.988693
257	0.970553
258	1.000315
259	0.983676
260	1.018146
261	1.024028
262	1.018412
263	1.009304
264	0.993455
265	0.999521
266	1.01088
267	1.008109
268	1.022541
269	1.024121
270	1.026155
271	1.023041
272	1.010233
273	1.017353
274	1.018611
275	1.011605
276	1.002405
277	1.005738
278	1.003492
279	1.009285
280	1.000032
281	1.000312
282	1.005115
283	1.003986
284	1.005026
285	1.004182
286	1.001243
287	1.002687
288	0.990755
289	0.998483
290	1.006699
291	0.99889
292	0.996692
293	0.973974
294	0.984444
295	0.98745
296	0.979711
297	0.980883
298	0.990324
299	0.96831
300	0.993855
301	1.003873
302	1.004462
303	1.01246
304	1.025627
305	1.021204
306	1.028244
307	1.024078
308	1.026418
309	1.020462
310	1.021591
311	1.013983
312	1.011234
313	1.021602
314	1.012321
315	1.020928
316	1.004397
317	1.008612
318	1.013818
319	1.019158
320	0.996776
321	0.991521
322	0.998243
323	0.993895
324	1.001702
325	1.001639
326	1.001088
327	1.001041
328	0.995954
329	0.998268
330	1.002096
331	0.999922
332	1.005604
333	1.007032
334	1.004148
335	1.003365
336	1.010635
337	1.008007
338	1.008761
339	1.009416
340	1.001384
341	1.008704
342	1.005147
343	1.00504
344	1.018635
345	1.014041
346	1.010627
347	1.014008
348	1.011293
349	1.008732
350	1.016735
351	1.012728
352	0.993572
353	0.995858
354	0.995118
355	0.993009
356	0.990304
357	0.988042
358	0.987987
359	0.988848
360	0.988274
361	0.991263
362	0.990718
363	0.988479
364	0.990394
365	0.993418
366	0.992545
367	0.994756
368	0.997456
369	0.996491
370	0.996862
371	0.995621
372	0.99664
373	0.996145
374	0.995608
375	0.995256
376	1.004
377	0.999842
378	1.005304
379	1.00053
380	0.998554
381	1.001508
382	0.997018
383	0.998633
384	0.985031
385	0.984082
386	0.983302
387	0.981524
388	0.988398
389	0.99426
390	0.99192
391	0.988409
392	0.980377
393	0.980591
394	0.982576
395	0.982537
396	0.98678
397	0.989534
398	0.993453
399	0.987919
400	0.983216
401	0.985151
402	0.984503
403	0.980374
404	0.981454
405	0.98271
406	0.982251
407	0.982829
408	0.979838
409	0.97696
410	0.97801
411	0.981291
412	0.983204
413	0.982738
414	0.981706
415	0.982157
416	0.98435
417	0.98434
418	0.993277
419	0.993503
420	1.002615
421	1.003936
422	1.006784
423	1.00172
424	0.994954
425	0.98546
426	0.993989
427	0.987725
428	1.008662
429	1.00885
430	1.003183
431	1.002957
432	0.990198
433	0.993591
434	0.994552
435	0.998619
436	0.998674
437	1.001569
438	1.0036
439	1.007199
440	0.985111
441	0.989541
442	0.984973
443	0.987312
444	0.984811
445	0.98514
446	0.992797
447	0.991555
448	0.993209
449	0.994669
450	0.993198
451	0.99231
452	0.995365
453	1.00031
454	0.997088
455	0.99309
456	0.99025
457	0.988614
458	0.989343
459	0.99188
460	0.991713
461	0.997426
462	1.000471
463	0.994905
464	0.98497
465	0.987744
466	0.993181
467	0.98977
468	0.987328
469	0.984789
470	0.986319
471	0.98663
472	0.985686
473	0.989051
474	0.988345
475	0.98435
476	0.985093
477	0.985561
478	0.984951
479	0.984293
480	0.988866
481	0.987818
482	0.986305
483	0.987328
484	0.987768
485	0.987279
486	0.986848
487	0.98964
488	0.992591
489	0.991207
490	0.989464
491	0.994713
492	0.98536
493	0.982983
494	0.986021
495	0.984528
496	0.979432
497	0.976732
498	0.980307
499	0.977212
500	0.981687
501	0.983134
502	0.978397
503	0.980425
504	0.985556
505	0.983459
506	0.984365
507	0.982236
508	0.987328
509	0.986654
510	0.985694
511	0.984789
512	0.996374
513	0.999205
514	0.997228
515	1.000638
516	0.991778
517	0.987104
518	0.987091
519	0.991525
520	1.000695
521	1.000666
522	0.996093
523	0.996697
524	0.991094
525	0.988563
526	0.987569
527	0.991357
528	0.993657
529	0.9918
530	0.990154
531	0.992255
532	1.001808
533	0.998818
534	1.004345
535	0.9967
536	0.999125
537	0.99704
538	0.99463
539	0.996246
540	1.010507
541	1.00751
542	1.004977
543	1.001802
544	1.000596
545	1.002034
546	1.000642
547	0.997255
548	0.991036
549	0.992898
550	0.993807
551	0.989997
552	0.993139
553	0.999342
554	0.994519
555	0.997726
556	0.998168
557	1.003774
558	0.99499
559	1.000029
560	1.007957
561	1.012562
562	1.008221
563	1.01251
564	1.007044
565	1.004333
566	1.011251
567	1.008439
568	1.009707
569	1.008623
570	1.011777
571	1.00932
572	1.004179
573	1.006954
574	1.003974
575	1.00674
576	0.966572
577	0.998352
578	0.979982
579	1.00787
580	0.952589
581	0.943436
582	0.923989
583	0.935055
584	1.014446
585	1.017522
586	0.99821
587	0.990743
588	0.980074
589	0.976202
590	0.96091
591	0.96778
592	0.996481
593	0.989469
594	0.989055
595	0.999164
596	1.017574
597	1.005169
598	1.01606
599	1.002645
600	1.005298
601	1.010378
602	1.006232
603	1.001646
604	1.013393
605	1.01446
606	1.008405
607	1.006921
608	1.023764
609	1.025097
610	1.019202
611	1.016968
612	0.999083
613	0.988242
614	0.998268
615	0.988048
616	1.001403
617	1.018787
618	1.010985
619	1.010544
620	1.004446
621	1.007085
622	1.00629
623	1.009754
624	1.003076
625	1.000255
626	1.005843
627	1.002615
628	1.008411
629	1.01009
630	1.005045
631	1.00691
632	1.016723
633	1.012237
634	1.014008
635	1.009147
636	1.023369
637	1.020074
638	1.018282
639	1.01552
640	1.028408
641	1.024842
642	1.034926
643	1.029961
644	1.027747
645	1.017027
646	1.011355
647	1.021146
648	1.032274
649	1.030912
650	1.035095
651	1.037717
652	1.026756
653	1.01487
654	1.018279
655	1.030028
656	1.009978
657	1.018992
658	1.00823
659	1.001382
660	1.026196
661	1.018248
662	1.019571
663	1.027672
664	0.999095
665	0.996733
666	0.997353
667	1.00299
668	1.00585
669	1.012513
670	1.00316
671	1.009669
672	1.015826
673	1.015963
674	1.001394
675	1.000307
676	0.998538
677	1.007736
678	1.009575
679	0.998068
680	0.999644
681	1.014792
682	1.000586
683	1.011916
684	1.009275
685	1.008493
686	0.997685
687	0.998398
688	1.003401
689	1.001832
690	1.004914
691	1.004693
692	1.003938
693	1.001113
694	1.006694
695	1.007792
696	1.010762
697	1.007258
698	1.006193
699	1.005066
700	1.015448
701	1.013859
702	1.004157
703	1.006747
704	0.980224
705	0.981211
706	0.976295
707	0.977896
708	0.977422
709	0.981533
710	0.983961
711	0.981087
712	0.978129
713	0.980714
714	0.982882
715	0.978105
716	0.985845
717	0.989338
718	0.984393
719	0.980181
720	0.994221
721	0.990929
722	0.99321
723	0.995097
724	0.984445
725	0.991976
726	0.988716
727	0.987866
728	0.999392
729	0.997962
730	0.996243
731	0.996695
732	0.998767
733	0.993495
734	0.999719
735	0.995736
736	0.978768
737	0.979131
738	0.97791
739	0.97853
740	0.97845
741	0.977011
742	0.975328
743	0.980048
744	0.982163
745	0.980005
746	0.980401
747	0.982406
748	0.974402
749	0.975475
750	0.976886
751	0.976791
752	0.995177
753	0.996388
754	0.990665
755	0.992766
756	0.984799
757	0.979532
758	0.986332
759	0.979704
760	0.991195
761	0.990067
762	0.997211
763	0.99575
764	0.981498
765	0.985736
766	0.979847
767	0.984328
768	0.983133
769	0.986032
770	0.9829
771	0.987086
772	0.98097
773	0.979604
774	0.978982
775	0.980998
776	0.985353
777	0.981229
778	0.980671
779	0.982033
780	0.979905
781	0.97795
782	0.979151
783	0.980557
784	0.978292
785	0.979118
786	0.976868
787	0.97675
788	0.976455
789	0.976996
790	0.972764
791	0.978948
792	0.975412
793	0.97731
794	0.977376
795	0.977231
796	0.969386
797	0.970689
798	0.972351
799	0.974833
800	0.990358
801	0.982156
802	0.98367
803	0.995198
804	1.001197
805	0.994502
806	1.000093
807	0.994441
808	0.992617
809	0.993083
810	0.998568
811	0.989502
812	0.997836
813	0.98846
814	0.997989
815	0.985955
816	0.968395
817	0.971673
818	0.964671
819	0.969748
820	0.964648
821	0.972407
822	0.970773
823	0.977569
824	0.966184
825	0.963471
826	0.967388
827	0.96689
828	0.972953
829	0.967218
830	0.970822
831	0.963482
832	0.983222
833	0.980854
834	0.98552
835	0.98326
836	0.986733
837	0.986874
838	0.985747
839	0.984849
840	0.981819
841	0.976815
842	0.978783
843	0.983936
844	0.980315
845	0.981446
846	0.985353
847	0.985116
848	0.972091
849	0.975065
850	0.97717
851	0.974531
852	0.971165
853	0.969828
854	0.967786
855	0.973078
856	0.97183
857	0.973761
858	0.973898
859	0.971776
860	0.968053
861	0.967367
862	0.96982
863	0.969532
864	0.979303
865	0.97462
866	0.97242
867	0.976935
868	0.976905
869	0.975194
870	0.976199
871	0.97529
872	0.976382
873	0.980651
874	0.978401
875	0.978365
876	0.97408
877	0.969701
878	0.975115
879	0.970593
880	0.970807
881	0.973548
882	0.966918
883	0.968918
884	0.964755
885	0.966193
886	0.96554
887	0.965914
888	0.965895
889	0.965725
890	0.967292
891	0.968283
892	0.969322
893	0.966134
894	0.967557
895	0.965048
896	0.972355
897	0.974348
898	0.971795
899	0.974495
900	0.970049
901	0.969976
902	0.971716
903	0.971328
904	0.977598
905	0.981916
906	0.977118
907	0.973777
908	0.973552
909	0.971948
910	0.969961
911	0.970944
912	0.982137
913	0.977399
914	0.976174
915	0.982287
916	0.985732
917	0.98397
918	0.988515
919	0.980645
920	0.993395
921	0.996483
922	0.989368
923	0.987544
924	0.993458
925	0.990875
926	0.991506
927	0.987462
928	0.981531
929	0.986847
930	0.990483
931	0.984685
932	0.98235
933	0.983441
934	0.983838
935	0.981565
936	0.979408
937	0.97752
938	0.980314
939	0.976854
940	0.986365
941	0.989986
942	0.986201
943	0.99143
944	1.004406
945	1.001228
946	1.002823
947	0.999385
948	1.000154
949	0.996355
950	0.996835
951	0.993664
952	0.99681
953	1.00191
954	0.998609
955	1.003435
956	0.991451
957	0.994606
958	0.995686
959	0.99942
960	1.037379
961	1.023318
962	1.037037
963	1.025088
964	1.035562
965	1.019879
966	1.015621
967	1.035201
968	1.023618
969	1.019748
970	1.027376
971	1.033444
972	1.026989
973	1.018276
974	1.020577
975	1.032594
976	1.013188
977	1.019956
978	1.01401
979	1.00926
980	1.014491
981	1.013024
982	1.009026
983	1.020033
984	1.005974
985	1.003266
986	1.005504
987	1.008372
988	1.001444
989	1.004522
990	1.005256
991	1.007946
992	1.012034
993	1.010881
994	1.00755
995	1.00761
996	1.013504
997	1.026682
998	1.024021
999	1.013317
1000	1.003078
1001	1.01111
1002	1.00649
1003	1.007177
1004	1.020696
1005	1.017901
1006	1.012417
1007	1.01134
1008	1.001314
1009	1.005102
1010	1.005987
1011	1.010015
1012	1.008971
1013	1.010469
1014	1.013443
1015	1.015773
1016	1.00141
1017	1.001889
1018	0.997848
1019	0.997753
1020	1.008377
1021	1.005048
1022	1.006733
1023	1.004929
1024	1.010624
1025	1.017097
1026	1.01507
1027	1.020151
1028	1.015818
1029	1.022361
1030	1.019695
1031	1.011505
1032	1.020672
1033	1.019304
1034	1.014714
1035	1.016117
1036	1.015032
1037	1.020685
1038	1.022324
1039	1.016621
1040	1.007158
1041	1.011766
1042	1.01779
1043	1.013265
1044	1.016695
1045	1.00762
1046	1.013496
1047	1.011662
1048	0.995572
1049	0.998873
1050	1.006731
1051	1.001533
1052	1.007258
1053	1.010346
1054	0.998946
1055	1.003238
1056	1.025029
1057	1.023503
1058	1.022059
1059	1.023968
1060	1.018312
1061	1.009115
1062	1.012515
1063	1.016575
1064	1.023834
1065	1.025277
1066	1.024693
1067	1.02385
1068	1.012409
1069	1.009414
1070	1.017657
1071	1.015202
1072	1.00977
1073	1.001687
1074	1.008779
1075	1.000066
1076	1.009358
1077	1.011963
1078	1.001107
1079	1.004931
1080	1.016736
1081	1.01635
1082	1.014777
1083	1.01583
1084	1.021206
1085	1.018752
1086	1.019594
1087	1.017418
1088	0.971068
1089	0.97214
1090	0.969871
1091	0.971592
1092	0.969898
1093	0.971412
1094	0.973171
1095	0.97149
1096	0.970868
1097	0.972458
1098	0.970502
1099	0.968743
1100	0.971018
1101	0.972874
1102	0.97078
1103	0.968964
1104	0.989639
1105	0.978257
1106	0.979183
1107	0.988604
1108	0.97874
1109	0.98989
1110	0.989169
1111	0.977824
1112	1.008203
1113	1.002394
1114	0.997549
1115	1.001022
1116	1.009012
1117	1.000397
1118	1.011488
1119	1.002527
1120	0.97495
1121	0.976637
1122	0.981571
1123	0.979605
1124	0.980923
1125	0.981249
1126	0.982893
1127	0.979459
1128	0.977103
1129	0.974661
1130	0.978098
1131	0.974407
1132	0.986
1133	0.988712
1134	0.983438
1135	0.98578
1136	0.988969
1137	0.989832
1138	0.986827
1139	0.98735
1140	0.986612
1141	0.986771
1142	0.987982
1143	0.989249
1144	0.995282
1145	0.989858
1146	1.001561
1147	0.993432
1148	0.98102
1149	0.987829
1150	0.983942
1151	0.9867
1152	0.976289
1153	0.972863
1154	0.975579
1155	0.971035
1156	0.979765
1157	0.982572
1158	0.981941
1159	0.979534
1160	0.96882
1161	0.966579
1162	0.972564
1163	0.974333
1164	0.977056
1165	0.978881
1166	0.981567
1167	0.978985
1168	0.972075
1169	0.974555
1170	0.975658
1171	0.973057
1172	0.964811
1173	0.968774
1174	0.964011
1175	0.970598
1176	0.96949
1177	0.971851
1178	0.971751
1179	0.970199
1180	0.966002
1181	0.964424
1182	0.967348
1183	0.967516
1184	0.964857
1185	0.961977
1186	0.961594
1187	0.964807
1188	0.971191
1189	0.975237
1190	0.975528
1191	0.972184
1192	0.970193
1193	0.96792
1194	0.967978
1195	0.970443
1196	0.974113
1197	0.971671
1198	0.968742
1199	0.965707
1200	0.972184
1201	0.975835
1202	0.968169
1203	0.973189
1204	0.96465
1205	0.963789
1206	0.97046
1207	0.969899
1208	0.962663
1209	0.963943
1210	0.966125
1211	0.968351
1212	0.960194
1213	0.960398
1214	0.959716
1215	0.960516
1216	0.979807
1217	0.97948
1218	0.976574
1219	0.97439
1220	0.976971
1221	0.976494
1222	0.976795
1223	0.978592
1224	0.972199
1225	0.973027
1226	0.974117
1227	0.974587
1228	0.972925
1229	0.970932
1230	0.974269
1231	0.974898
1232	0.972121
1233	0.971771
1234	0.968468
1235	0.968828
1236	0.974796
1237	0.97473
1238	0.975408
1239	0.974421
1240	0.974554
1241	0.975255
1242	0.971906
1243	0.973587
1244	0.971177
1245	0.974012
1246	0.972956
1247	0.974405
1248	0.968542
1249	0.970292
1250	0.968407
1251	0.966126
1252	0.96954
1253	0.977726
1254	0.973559
1255	0.97616
1256	0.976322
1257	0.971102
1258	0.968793
1259	0.977875
1260	0.972699
1261	0.974836
1262	0.967458
1263	0.969863
1264	0.97133
1265	0.974353
1266	0.973795
1267	0.976923
1268	0.975115
1269	0.973502
1270	0.978463
1271	0.97756
1272	0.972928
1273	0.972433
1274	0.969891
1275	0.969738
1276	0.973307
1277	0.974519
1278	0.972144
1279	0.973831
1280	0.986174
1281	0.986596
1282	0.986916
1283	0.987152
1284	0.986784
1285	0.987228
1286	0.984577
1287	0.985339
1288	0.983321
1289	0.979296
1290	0.978175
1291	0.982714
1292	0.980678
1293	0.987084
1294	0.987582
1295	0.984011
1296	0.98409
1297	0.98038
1298	0.987175
1299	0.988696
1300	0.97917
1301	0.982489
1302	0.983555
1303	0.977803
1304	0.997296
1305	0.997018
1306	0.991904
1307	0.990272
1308	0.994864
1309	0.989726
1310	0.996601
1311	0.989651
1312	0.983742
1313	0.981143
1314	0.980823
1315	0.981904
1316	0.97873
1317	0.975287
1318	0.973811
1319	0.979454
1320	0.98344
1321	0.986375
1322	0.983493
1323	0.985908
1324	0.973055
1325	0.974086
1326	0.977659
1327	0.977771
1328	0.995946
1329	0.997754
1330	0.991478
1331	0.991358
1332	0.985714
1333	0.980531
1334	0.9842
1335	0.977909
1336	0.990242
1337	0.990946
1338	0.993497
1339	0.993901
1340	0.981629
1341	0.985464
1342	0.982329
1343	0.98639
1344	1.010389
1345	1.012856
1346	1.020156
1347	1.022255
1348	1.024528
1349	1.029056
1350	1.029435
1351	1.019309
1352	1.026156
1353	1.023226
1354	1.02228
1355	1.024644
1356	1.023115
1357	1.02326
1358	1.026924
1359	1.026083
1360	1.00901
1361	1.016551
1362	1.018535
1363	1.013456
1364	1.014893
1365	1.005009
1366	1.005207
1367	1.014382
1368	0.999738
1369	1.00442
1370	1.008725
1371	1.003137
1372	0.995373
1373	0.998258
1374	0.995531
1375	0.99827
1376	1.029995
1377	1.025609
1378	1.026624
1379	1.031886
1380	1.031807
1381	1.018463
1382	1.019001
1383	1.034371
1384	1.036353
1385	1.029828
1386	1.035479
1387	1.025338
1388	1.017957
1389	1.017107
1390	1.027573
1391	1.023486
1392	1.006409
1393	1.005996
1394	1.012057
1395	1.011819
1396	1.016499
1397	1.020045
1398	1.015335
1399	1.016661
1400	1.003043
1401	1.008898
1402	0.999245
1403	1.003988
1404	1.017904
1405	1.009504
1406	1.02057
1407	1.014432
1408	0.995645
1409	0.981386
1410	1.010354
1411	0.994386
1412	1.021715
1413	1.011424
1414	0.995341
1415	1.006168
1416	1.004883
1417	1.013707
1418	1.029057
1419	1.02145
1420	1.039825
1421	1.032247
1422	1.023848
1423	1.033075
1424	1.042397
1425	1.042469
1426	1.036868
1427	1.038544
1428	1.020987
1429	1.035727
1430	1.026183
1431	1.033588
1432	1.03896
1433	1.036242
1434	1.038124
1435	1.041011
1436	1.028507
1437	1.028736
1438	1.035184
1439	1.036163
1440	0.9991
1441	1.007384
1442	1.012999
1443	1.007394
1444	1.018381
1445	1.026304
1446	1.027279
1447	1.01603
1448	0.996485
1449	0.990644
1450	1.002318
1451	0.980759
1452	1.027059
1453	1.026677
1454	1.020098
1455	1.022314
1456	1.014037
1457	1.008254
1458	1.021386
1459	1.017209
1460	1.024924
1461	1.024576
1462	1.023218
1463	1.025884
1464	1.023833
1465	1.022465
1466	1.022507
1467	1.018222
1468	1.01531
1469	1.02132
1470	1.018725
1471	1.022559
1472	0.988882
1473	0.992495
1474	0.991785
1475	0.995882
1476	0.9882
1477	0.985476
1478	0.983619
1479	0.985906
1480	0.998304
1481	1.000595
1482	0.997172
1483	0.994596
1484	0.994237
1485	0.9918
1486	0.988808
1487	0.991356
1488	0.996405
1489	0.99576
1490	0.992717
1491	0.992053
1492	1.003579
1493	1.001661
1494	1.007504
1495	0.999398
1496	1.002981
1497	0.996552
1498	0.992443
1499	0.998148
1500	1.016924
1501	1.012065
1502	1.009766
1503	1.00483
1504	1.002254
1505	1.004482
1506	1.008645
1507	1.006266
1508	1.008161
1509	1.008788
1510	1.011605
1511	1.005342
1512	1.001134
1513	1.000135
1514	1.004285
1515	0.996678
1516	1.013937
1517	1.016403
1518	1.010204
1519	1.012734
1520	1.034322
1521	1.031879
1522	1.029093
1523	1.027855
1524	1.022865
1525	1.016977
1526	1.023592
1527	1.019608
1528	1.019398
1529	1.025679
1530	1.024432
1531	1.03104
1532	1.00823
1533	1.013592
1534	1.012942
1535	1.019126
1536	0.994818
1537	0.989803
1538	0.991145
1539	0.985655
1540	0.997188
1541	1.001795
1542	1.004285
1543	1.000112
1544	0.984231
1545	0.985285
1546	0.991774
1547	0.990228
1548	0.997983
1549	1.001732
1550	1.000997
1551	0.996565
1552	1.000651
1553	0.99987
1554	1.002987
1555	1.003745
1556	0.986961
1557	0.994553
1558	0.9874
1559	0.993858
1560	0.997735
1561	1.002527
1562	1.003539
1563	0.99975
1564	0.98385
1565	0.986051
1566	0.990794
1567	0.993241
1568	0.980796
1569	0.980687
1570	0.978663
1571	0.980329
1572	0.983459
1573	0.983914
1574	0.984053
1575	0.984489
1576	0.984999
1577	0.98268
1578	0.982462
1579	0.986451
1580	0.982297
1581	0.978818
1582	0.981349
1583	0.978352
1584	0.975735
1585	0.97461
1586	0.974318
1587	0.973082
1588	0.974103
1589	0.975569
1590	0.973105
1591	0.975218
1592	0.980212
1593	0.976488
1594	0.97902
1595	0.976749
1596	0.98119
1597	0.981142
1598	0.977466
1599	0.976736
1600	0.984523
1601	0.986437
1602	0.985092
1603	0.985989
1604	0.983716
1605	0.980505
1606	0.981009
1607	0.982963
1608	0.984937
1609	0.983166
1610	0.984265
1611	0.985145
1612	0.984711
1613	0.982379
1614	0.981169
1615	0.984505
1616	0.982931
1617	0.984218
1618	0.983204
1619	0.982731
1620	0.981185
1621	0.98108
1622	0.979511
1623	0.982791
1624	0.978691
1625	0.978128
1626	0.980802
1627	0.980969
1628	0.978149
1629	0.978466
1630	0.977985
1631	0.979413
1632	0.985711
1633	0.983512
1634	0.98607
1635	0.988189
1636	0.994729
1637	1.002079
1638	0.999086
1639	0.997953
1640	0.9935
1641	0.987745
1642	0.990798
1643	0.989429
1644	0.996851
1645	0.995729
1646	0.99203
1647	0.990329
1648	0.994284
1649	1.000191
1650	0.991982
1651	0.998242
1652	0.990331
1653	0.989733
1654	0.996586
1655	0.995666
1656	0.980394
1657	0.985456
1658	0.981251
1659	0.987291
1660	0.981619
1661	0.980503
1662	0.98475
1663	0.98453
1664	0.99643
1665	0.9915
1666	0.997382
1667	0.993102
1668	1.002341
1669	1.007161
1670	1.005825
1671	1.001532
1672	0.995208
1673	0.99834
1674	0.99926
1675	0.997894
1676	1.002446
1677	1.008402
1678	1.007623
1679	1.00213
1680	1.008913
1681	1.004774
1682	1.010644
1683	1.014187
1684	1.002976
1685	1.007947
1686	1.008721
1687	1.002716
1688	1.01529
1689	1.019485
1690	1.017617
1691	1.013039
1692	1.018574
1693	1.014336
1694	1.016513
1695	1.013156
1696	0.994325
1697	0.999122
1698	1.000385
1699	0.994642
1700	0.98855
1701	0.984042
1702	0.98814
1703	0.984301
1704	0.985413
1705	0.990296
1706	0.989019
1707	0.987712
1708	0.992909
1709	0.996704
1710	0.994672
1711	1.000215
1712	1.003652
1713	0.998602
1714	1.002026
1715	0.996527
1716	1.002595
1717	1.002819
1718	0.997111
1719	0.997958
1720	1.012976
1721	1.00821
1722	1.016943
1723	1.010892
1724	1.004018
1725	1.008655
1726	1.004409
1727	1.006541
1728	1.00985
1729	1.020203
1730	1.022626
1731	1.03326
1732	1.008707
1733	1.00441
1734	0.996707
1735	0.997386
1736	1.041717
1737	1.043834
1738	1.034748
1739	1.03133
1740	1.021215
1741	1.0133
1742	1.009674
1743	1.016731
1744	1.020396
1745	1.02228
1746	1.01532
1747	1.015039
1748	1.040228
1749	1.028621
1750	1.033759
1751	1.033231
1752	1.010343
1753	1.006069
1754	1.01176
1755	1.016059
1756	1.022413
1757	1.027344
1758	1.01715
1759	1.022801
1760	1.036588
1761	1.038819
1762	1.021183
1763	1.01709
1764	0.986134
1765	0.96127
1766	0.976116
1767	0.972014
1768	0.994473
1769	1.028153
1770	1.008004
1771	1.014997
1772	0.987639
1773	0.996924
1774	0.996329
1775	1.003098
1776	1.014425
1777	1.018373
1778	1.01226
1779	1.015282
1780	1.009944
1781	1.007262
1782	1.010647
1783	1.004557
1784	1.025259
1785	1.017919
1786	1.022236
1787	1.017653
1788	1.035665
1789	1.03013
1790	1.021177
1791	1.01933
1792	1.020341
1793	1.025331
1794	1.022178
1795	1.025192
1796	1.01881
1797	1.015769
1798	1.012567
1799	1.015792
1800	1.026751
1801	1.02903
1802	1.026747
1803	1.024734
1804	1.02365
1805	1.020692
1806	1.018646
1807	1.021802
1808	1.02099
1809	1.023288
1810	1.021437
1811	1.021173
1812	1.031039
1813	1.025333
1814	1.031967
1815	1.026993
1816	1.016839
1817	1.021735
1818	1.02093
1819	1.018317
1820	1.02802
1821	1.031172
1822	1.019942
1823	1.022677
1824	1.026666
1825	1.028675
1826	1.023897
1827	1.023308
1828	1.019261
1829	1.015208
1830	1.010785
1831	1.023324
1832	1.02815
1833	1.02647
1834	1.024648
1835	1.028632
1836	1.006041
1837	1.00088
1838	1.016289
1839	1.014284
1840	0.999748
1841	0.968966
1842	1.00776
1843	0.980011
1844	1.011546
1845	1.013066
1846	0.988488
1847	0.995183
1848	1.035697
1849	1.028293
1850	1.03201
1851	1.023012
1852	1.031898
1853	1.03495
1854	1.026108
1855	1.02845
1856	1.034864
1857	1.03407
1858	1.038165
1859	1.036759
1860	1.032255
1861	1.022035
1862	1.020214
1863	1.029483
1864	1.035871
1865	1.031815
1866	1.034108
1867	1.037724
1868	1.029202
1869	1.019823
1870	1.021537
1871	1.031891
1872	1.027446
1873	1.026847
1874	1.019425
1875	1.022819
1876	1.027096
1877	1.028194
1878	1.024214
1879	1.030032
1880	1.034964
1881	1.036573
1882	1.029699
1883	1.031088
1884	1.024035
1885	1.023739
1886	1.030398
1887	1.029031
1888	1.027191
1889	1.02333
1890	1.013211
1891	1.016369
1892	1.010369
1893	1.008385
1894	1.005914
1895	1.01249
1896	1.019396
1897	1.028781
1898	1.018526
1899	1.027762
1900	1.004237
1901	1.003407
1902	1.008167
1903	1.006082
1904	1.007128
1905	1.005285
1906	1.005605
1907	1.004559
1908	1.004543
1909	1.004686
1910	1.003765
1911	1.003296
1912	1.016513
1913	1.009692
1914	1.017136
1915	1.011057
1916	1.019192
1917	1.016767
1918	1.010359
1919	1.009116
1920	1.01799
1921	1.025182
1922	1.0178
1923	1.02499
1924	1.011205
1925	1.00563
1926	1.007287
1927	1.011854
1928	1.023184
1929	1.020108
1930	1.015322
1931	1.016921
1932	1.009982
1933	1.004028
1934	1.004545
1935	1.010634
1936	1.0091
1937	1.009414
1938	1.004006
1939	1.004402
1940	1.017169
1941	1.012717
1942	1.015759
1943	1.013691
1944	1.0086
1945	1.00548
1946	1.00501
1947	1.008952
1948	1.017008
1949	1.016088
1950	1.012303
1951	1.012468
1952	1.02918
1953	1.024805
1954	1.029834
1955	1.034639
1956	1.040232
1957	1.035521
1958	1.039031
1959	1.038401
1960	1.03681
1961	1.031821
1962	1.037317
1963	1.031952
1964	1.038949
1965	1.036289
1966	1.038515
1967	1.034373
1968	1.035546
1969	1.039668
1970	1.032569
1971	1.037105
1972	1.02996
1973	1.030603
1974	1.034067
1975	1.033771
1976	1.020478
1977	1.026247
1978	1.022672
1979	1.029199
1980	1.020805
1981	1.019266
1982	1.025505
1983	1.024223
1984	1.032546
1985	1.029711
1986	1.028183
1987	1.027632
1988	1.025773
1989	1.019535
1990	1.026899
1991	1.031907
1992	1.025816
1993	1.024481
1994	1.019786
1995	1.023696
1996	1.014106
1997	1.006177
1998	1.012365
1999	1.019549
2000	1.007249
2001	1.010243
2002	1.001695
2003	0.998374
2004	1.023792
2005	1.014741
2006	1.022875
2007	1.017083
2008	0.995191
2009	0.98813
2010	0.994451
2011	1.002962
2012	1.012849
2013	1.019854
2014	1.002066
2015	1.010497
2016	1.026285
2017	1.02807
2018	1.029118
2019	1.024879
2020	1.017048
2021	1.010344
2022	1.013015
2023	1.013936
2024	1.018861
2025	1.025
2026	1.021178
2027	1.024632
2028	1.016035
2029	1.019429
2030	1.021364
2031	1.026175
2032	1.03993
2033	1.03296
2034	1.03784
2035	1.030536
2036	1.034728
2037	1.030777
2038	1.027096
2039	1.023209
2040	1.030285
2041	1.037669
2042	1.026593
2043	1.037557
2044	1.029911
2045	1.031021
2046	1.033044
2047	1.036031
