0.00000e+00 -3.59965e-05
1.00000e-09 -3.18642e-05
2.00000e-09 -5.07374e-05
3.00000e-09 -5.21390e-05
4.00000e-09 -5.18826e-05
5.00000e-09 -5.45783e-05
6.00000e-09 -6.06168e-05
7.00000e-09 -3.56954e-05
8.00000e-09 -8.44525e-06
9.00000e-09 2.67611e-05
1.00000e-08 4.92937e-05
1.10000e-08 7.70077e-05
1.20000e-08 7.48664e-05
1.30000e-08 8.44851e-05
1.40000e-08 6.69233e-05
1.50000e-08 6.59792e-05
1.60000e-08 4.70884e-05
1.70000e-08 4.21671e-05
1.80000e-08 3.10540e-05
1.90000e-08 3.83132e-05
2.00000e-08 3.24228e-05
2.10000e-08 4.10384e-05
2.20000e-08 3.65704e-05
2.30000e-08 4.59907e-05
2.40000e-08 7.26956e-05
2.50000e-08 1.19467e-04
2.60000e-08 1.50403e-04
2.70000e-08 2.22895e-04
2.80000e-08 2.94244e-04
2.90000e-08 3.70070e-04
3.00000e-08 4.42989e-04
3.10000e-08 4.81245e-04
3.20000e-08 5.33414e-04
3.30000e-08 6.31898e-04
3.40000e-08 6.99062e-04
3.50000e-08 8.02620e-04
3.60000e-08 8.83080e-04
3.70000e-08 9.64999e-04
3.80000e-08 1.00142e-03
3.90000e-08 1.08339e-03
4.00000e-08 1.14978e-03
4.10000e-08 1.20217e-03
4.20000e-08 1.25249e-03
4.30000e-08 1.30525e-03
4.40000e-08 1.34653e-03
4.50000e-08 1.42377e-03
4.60000e-08 1.49400e-03
4.70000e-08 1.56731e-03
4.80000e-08 1.61526e-03
4.90000e-08 1.73557e-03
5.00000e-08 1.98741e-03
5.10000e-08 3.03321e-03
5.20000e-08 5.87004e-03
5.30000e-08 1.28604e-02
5.40000e-08 2.55903e-02
5.50000e-08 4.87933e-02
5.60000e-08 8.11347e-02
5.70000e-08 1.23637e-01
5.80000e-08 1.61770e-01
5.90000e-08 1.90088e-01
6.00000e-08 1.99350e-01
6.10000e-08 1.89397e-01
6.20000e-08 1.66603e-01
6.30000e-08 1.35632e-01
6.40000e-08 1.08853e-01
6.50000e-08 8.59357e-02
6.60000e-08 7.00597e-02
6.70000e-08 5.72353e-02
6.80000e-08 4.79006e-02
6.90000e-08 3.93991e-02
7.00000e-08 3.21835e-02
7.10000e-08 2.46606e-02
7.20000e-08 1.76863e-02
7.30000e-08 1.01235e-02
7.40000e-08 3.03217e-03
7.50000e-08 -4.40061e-03
7.60000e-08 -1.10872e-02
7.70000e-08 -1.77101e-02
7.80000e-08 -2.33169e-02
7.90000e-08 -2.83218e-02
8.00000e-08 -3.20904e-02
8.10000e-08 -3.49396e-02
8.20000e-08 -3.66452e-02
8.30000e-08 -3.75061e-02
8.40000e-08 -3.76312e-02
8.50000e-08 -3.71867e-02
8.60000e-08 -3.64759e-02
8.70000e-08 -3.55129e-02
8.80000e-08 -3.45754e-02
8.90000e-08 -3.35522e-02
9.00000e-08 -3.26549e-02
9.10000e-08 -3.16249e-02
9.20000e-08 -3.06322e-02
9.30000e-08 -2.94824e-02
9.40000e-08 -2.83154e-02
9.50000e-08 -2.70130e-02
9.60000e-08 -2.57254e-02
9.70000e-08 -2.42354e-02
9.80000e-08 -2.28398e-02
9.90000e-08 -2.12919e-02
1.00000e-07 -1.98558e-02
1.01000e-07 -1.83445e-02
1.02000e-07 -1.69966e-02
1.03000e-07 -1.55444e-02
1.04000e-07 -1.42557e-02
1.05000e-07 -1.29229e-02
1.06000e-07 -1.17256e-02
1.07000e-07 -1.04692e-02
1.08000e-07 -9.27661e-03
1.09000e-07 -7.99817e-03
1.10000e-07 -6.74173e-03
1.11000e-07 -5.47229e-03
1.12000e-07 -4.31172e-03
1.13000e-07 -3.24839e-03
1.14000e-07 -2.41835e-03
1.15000e-07 -1.71698e-03
1.16000e-07 -1.14399e-03
1.17000e-07 -5.67700e-04
1.18000e-07 -8.41754e-06
1.19000e-07 5.65841e-04
1.20000e-07 1.03984e-03
1.21000e-07 1.37138e-03
1.22000e-07 1.52443e-03
1.23000e-07 1.65025e-03
1.24000e-07 1.72155e-03
1.25000e-07 1.82505e-03
1.26000e-07 1.52546e-03
1.27000e-07 1.01210e-03
